0 101.50254571588866 101.8700144246381
1 108.21885346000725 97.62016144918022
2 110.24712019876344 102.95141758256803
3 89.54812465115556 104.9010801802572
4 99.4308509486131 85.52811521902137
5 110.73186491092844 92.7354518453024
6 114.67661949856371 92.64121941238692
7 103.01925230019594 97.92800732619453
8 113.71382824698739 103.84678446347664
9 104.11706654117405 101.8226335455924
10 91.53172966254894 92.14256804494629
11 105.32903071112594 109.50884711781876
12 95.61807326342363 98.1088371731846
13 87.28629680302846 89.83715359097167
14 108.92153895476102 105.51421688469227
15 102.84713774882974 95.34439392666832
16 89.84208593525489 98.51993033649778
17 92.6859812629145 76.27012231675772
18 115.65898209924157 97.13423662763529
19 114.26035666531307 85.86447202723618
20 92.7211191407444 102.18625446239962
21 94.35775757328295 102.94402082882506
22 76.43573663862703 99.43954577788368
23 103.73426359188818 105.8354641105165
24 84.26742865848955 111.07776509040079
25 75.0647871917764 86.23297427188466
26 96.58606834458743 97.66682815162717
27 89.45761231852556 86.91639085012784
28 114.2485732195708 83.5515751737558
29 93.9859340819771 94.54314734221767
30 97.19956051082177 103.29476265604218
31 127.35155472907242 100.20907652318975
32 100.9766685095806 88.3147372912007
33 69.62116521842975 94.55374439619972
34 84.05871885187702 92.9883055645844
35 103.03709463651131 108.89879200413255
36 103.22808094211223 87.29953120634373
37 107.45919418492613 91.74395868446696
38 97.07258752421413 83.23070892213997
39 82.83893468109409 92.03603743971362
40 93.52589787880478 105.12988166249933
41 108.93316382003908 103.01001179118612
42 94.79785434502426 112.76789203359603
43 90.09128573699712 81.16539311322843
44 122.92864795875758 92.32363391700504
45 68.75336767631192 97.76464227347267
46 102.517125656413 103.90773384657328
47 94.11778653582606 122.2658953530545
48 120.92994982370698 103.90288044145379
49 87.35170250395674 72.20319303696459
50 76.92853590263185 97.98051175298754
51 97.5263876585442 109.3846341765287
52 119.62059756095809 112.73124154018825
53 120.4346038081816 94.60568225550945
54 114.72568160364438 81.6623820624702
55 93.62315880269824 83.08651013106707
56 66.41629551660542 78.1063597644678
57 91.31549361373925 102.02038728068604
58 115.36787459949718 112.03633534723991
59 97.01809401804023 90.1106832729103
60 92.18006153007829 81.8150854248919
61 85.44189239634635 85.8295710846872
62 113.5398082044207 82.8343203129819
63 91.08183957091663 116.94134766899515
64 84.70947606782306 99.63788899365535
65 79.76715983138958 79.91491894890224
66 116.45933735888978 95.29322624215804
67 54.746035645519186 95.0878616319915
68 60.866109456583594 99.47998484799585
69 82.71027692013746 66.72668527761212
70 91.27554557421074 72.40421684128687
71 89.72645149953753 83.51035778918236
72 88.44064930867175 66.73295670562933
73 94.25446618124087 81.42361837270396
74 124.54511145944116 86.80670643528666
75 87.16542954075719 94.23858306126425
76 108.29209473032977 78.32475072160325
77 84.0153398834046 80.19566953537324
78 122.72890253106563 99.60801171182842
79 57.505095483009086 86.89675469603426
80 83.6617295060957 113.03590266821327
81 49.57604527215338 97.09703983211948
82 100.67864847808494 96.0728500709002
83 97.52733286580157 113.18835594246141
84 81.84427074698992 106.93793551941017
85 116.63928271125926 110.07439656700832
86 113.24381615888464 89.60338744616946
87 91.05278597365063 80.84534572201375
88 108.5917644835298 86.84699935504196
89 107.17630205552231 85.39538975673082
90 109.55737632899809 112.73754240538065
91 57.771901809475466 99.99268137314989
92 115.11802073345916 98.81925537587617
93 73.85700409233327 110.66073893647435
94 66.9562518930547 99.81189994713337
95 54.105026035767345 99.47128974567971
96 99.94233653125222 102.58140004773375
97 99.54879189304427 111.18889621069555
98 93.66428577858808 126.94633007639735
99 115.56444827654224 79.6262022232699
100 100.0 100.0
