0 96.35720036999047 86.78442462196558
1 119.19855713300429 46.14076540791574
2 107.97944118444344 38.03577139405632
3 72.84565726245131 125.11287748705067
4 109.80798702731185 128.16274093435075
5 118.18286111515872 145.09388095752917
6 69.44073776020399 110.82510146114141
7 109.2279176812371 38.41307751001424
8 107.42870607625792 115.24932238129794
9 107.33290722216684 49.56391579481825
10 51.8704369851702 135.9721801366604
11 144.53846644373047 117.49485374611464
12 65.9566723604686 99.1428354210201
13 114.25429710661128 55.05291872727847
14 86.47820085212624 38.92604488771727
15 90.1457536931247 161.31578317216585
16 96.67845630859009 117.78239965144024
17 107.38445670971272 105.23809418452763
18 45.55400937244012 86.38410801293684
19 110.39379922196075 144.5857737479073
20 149.51999199754292 146.71288304012077
21 56.60978241648478 90.25424488451273
22 129.27925657939483 103.23387304563055
23 153.22137348225903 139.57040796983634
24 76.78585357741945 71.76545779233174
25 65.40316960051524 146.86725724059585
26 54.506409473921956 131.12640683303113
27 62.21379199484605 153.60207911597848
28 160.10066333719953 108.93576025342963
29 102.16659566299855 137.94875920617636
30 119.97148498529646 149.26599172441934
31 57.775665660858145 67.31772652736522
32 164.04482880479193 82.69784138132954
33 99.36616079565985 151.19931034578536
34 45.94676604561323 54.87478873642877
35 76.6046980799266 38.332091115588796
36 117.02757792337873 135.87021136932879
37 53.4442193800962 131.11330536358776
38 85.54967241950368 36.552668484793394
39 136.91150326096997 79.4882694111287
40 55.372095019604004 70.95448061040439
41 96.39108682571849 66.59728706033397
42 154.70979660928006 114.90260926012989
43 124.25111274308134 63.39351820156598
44 123.06453978147378 39.936565675293245
45 55.76984099114166 81.49696145049963
46 157.3174975734841 135.24432365091343
47 39.519712325236675 86.65010072405066
48 102.21872184127069 63.04231015764492
49 88.99856700339419 110.76762274719249
50 85.11622637388912 18.366572313051122
51 110.00403817113143 174.88274051199033
52 150.3928758431039 176.34919424302936
53 47.22203650728161 181.8612009163696
54 17.072618636073965 79.02970559395493
55 177.91009004082042 146.98134846767235
56 171.80404613522307 34.4636662811711
57 198.55671336818185 97.39271223749606
58 26.80240655315471 151.63686851385597
59 110.04776678477906 23.416841500262862
60 193.11774989023561 123.50880274637474
61 44.59208141768838 28.930835079485483
62 162.41979130887972 137.63829482856272
63 145.37596883274892 166.5601116506576
64 86.8214409588004 183.59777406119207
65 75.20709724257277 16.41045959542118
66 23.16507860611503 77.6589614421691
67 165.23948688586242 133.46868163568823
68 34.7433245733705 128.60424280396165
69 139.78578306543014 29.39167718634945
70 150.05016011661746 35.704259134634086
71 96.68061618908057 172.7183680790354
72 61.80664448107505 176.12242364371224
73 20.148943530744212 141.89327489107583
74 178.7355605049325 85.59830557610628
75 182.1340522796208 153.39724193793575
76 197.0823415132888 116.12606536434413
77 66.54123377321656 192.42856406505112
78 187.6030445943564 79.98971502740642
79 34.89959717717663 27.862523064691946
80 47.37061814147208 18.2050685537245
81 112.16381138016769 5.05898310296895
82 85.74421949455271 1.7755593838261863
83 169.80593238331818 111.51265998442892
84 58.92358300398839 170.42765382002386
85 17.865510512425242 67.15835504054711
86 168.68655705584737 146.85005914631316
87 45.72005202239464 155.2070009075612
88 154.5198951920775 17.903588242294255
89 170.5188534321701 70.00782160845031
90 148.3663023448223 184.98557718410993
91 38.08932573932109 57.060883808399666
92 177.48651582158664 160.4818956998947
93 42.875519359076854 150.6279937615465
94 172.98648703966302 84.18206903443514
95 166.64813004270553 72.45950418317739
96 43.95688690203312 36.977258587959795
97 18.193420574988384 83.42400031882862
98 73.38725555026005 25.54340521534215
99 179.52920936719713 96.96530018689353
100 100.0 100.0
