0 100 10 354 3 23 128 77 
1 100 10 354 8 186 292 216 38 311 277 260 143 
1 100 10 354 4 92 319 303 241 
2 100 10 354 8 254 289 273 80 233 176 131 26 
2 100 10 354 1 208 
3 100 10 354 3 99 144 45 
4 100 10 354 8 118 250 66 202 228 12 166 269 
5 100 10 354 8 239 275 342 339 141 36 310 344 
5 100 10 354 8 318 258 324 184 291 334 214 302 
5 100 10 354 2 329 90 
6 1 10 354 3 155 52 106 
7 100 10 354 6 205 170 18 231 123 72 
8 15 10 354 3 152 103 49 
9 100 10 354 4 174 129 24 78 
10 100 10 354 8 341 206 272 309 338 172 232 317 
10 100 10 354 8 107 74 288 253 156 323 20 53 
10 100 10 354 4 125 333 300 328 
11 100 10 354 4 102 48 145 151 
12 100 10 354 2 64 10 
13 10 10 354 2 87 33 
14 100 10 354 8 101 190 293 278 218 261 242 47 
14 100 10 354 1 150 
15 100 10 354 8 119 308 251 203 67 229 299 270 
15 100 10 354 4 167 316 286 13 
16 100 10 354 6 114 7 163 199 225 61 
17 10 10 354 6 84 155 52 106 135 30 
18 23 10 354 3 20 125 74 
19 5 10 354 2 99 45 
20 100 10 354 8 115 200 248 8 267 298 226 62 
20 100 10 354 2 284 164 
21 100 10 354 8 0 221 263 157 54 244 108 280 
21 100 10 354 1 194 
22 39 10 354 2 39 93 
23 100 10 354 6 81 234 27 177 209 132 
24 11 10 354 3 34 139 88 
25 39 10 354 4 138 38 143 92 
26 100 10 354 8 116 201 249 9 227 63 285 268 
26 100 10 354 1 165 
27 10 10 354 3 68 14 120 
28 5 10 354 3 145 40 94 
29 100 10 354 4 69 168 121 15 
30 100 10 354 4 171 19 124 73 
31 7 10 354 3 69 50 15 
32 100 10 354 6 255 235 82 133 28 210 
33 39 10 354 2 37 28 
34 10 10 354 2 1 55 
35 100 10 354 4 83 178 29 134 
36 100 10 354 8 259 185 276 142 37 215 240 91 
37 100 10 354 7 85 136 256 237 212 180 31 
38 10 10 354 3 21 126 75 
39 100 10 354 8 343 340 4 336 351 197 282 350 
39 100 10 354 8 349 348 347 346 345 326 223 321 
39 100 10 354 8 265 331 306 111 314 160 352 353 
39 100 10 354 3 296 246 58 
40 100 10 354 4 5 112 59 161 
41 100 10 354 4 175 25 130 79 
42 20 10 354 3 21 91 75 
43 10 10 354 6 152 103 49 191 189 183 
44 96 10 354 4 51 154 110 105 
45 21 10 354 8 51 32 86 82 43 46 44 90 
46 100 10 354 5 207 173 22 127 76 
47 57 10 354 4 137 32 86 142 
48 2 10 354 2 9 14 
49 26 10 354 4 80 83 97 26 
50 16 10 354 4 50 23 77 29 
51 100 10 354 6 84 236 179 135 211 30 
52 96 10 354 4 153 50 126 104 
53 5 10 354 2 95 41 
54 5 10 354 3 102 48 150 
55 100 10 354 8 137 274 238 290 32 257 86 213 
55 100 10 354 2 301 181 
56 43 10 354 3 2 10 11 
57 100 10 354 8 305 222 2 158 295 313 281 264 
57 100 10 354 4 245 109 56 195 
58 15 10 354 3 4 111 58 
59 9 10 354 2 16 70 
60 100 10 354 8 304 279 312 192 104 50 153 325 
60 100 10 354 7 262 294 320 219 335 330 243 
61 100 10 354 8 307 337 6 283 162 315 198 224 
61 100 10 354 8 327 322 113 266 247 297 332 60 
62 36 10 354 4 187 39 144 93 
63 20 10 354 3 35 140 89 
64 10 10 354 2 40 94 
65 61 10 354 2 102 48 
66 1 10 354 4 87 138 33 182 
67 39 10 354 8 36 42 47 13 14 45 16 19 
67 39 10 354 7 48 18 21 25 27 26 30 
68 25 10 354 4 17 7 8 15 
69 60 10 354 3 0 16 18 
70 55 10 354 4 22 127 76 105 
71 26 10 354 3 146 95 41 
72 17 10 354 3 5 23 25 
73 61 10 354 2 81 27 
74 100 10 354 5 34 139 191 183 88 
75 100 10 354 5 3 159 110 196 57 
76 20 10 354 3 100 46 149 
77 61 10 354 2 85 31 
78 1 10 354 4 156 53 146 107 
79 39 10 354 5 52 22 9 63 12 
80 20 10 354 2 36 52 
81 67 10 354 3 0 3 6 
82 100 10 354 3 117 65 11 
83 100 10 354 6 220 51 187 154 193 105 
84 57 10 354 2 96 42 
85 2 10 354 3 6 42 60 
86 5 10 354 3 35 140 89 
87 60 10 354 2 101 47 
88 15 10 354 2 3 57 
89 32 10 354 4 188 96 42 147 
90 100 10 354 5 100 217 189 46 149 
91 45 10 354 4 1 2 4 11 
92 16 10 354 2 97 43 
93 23 10 354 4 118 66 12 104 
94 57 10 354 6 129 24 78 130 79 133 
95 67 10 354 2 5 10 
96 100 10 354 8 17 204 252 169 71 230 287 271 
96 100 10 354 1 122 
97 100 10 354 3 98 148 44 
98 35 10 354 2 1 4 
99 4 10 354 4 98 148 44 151 
