0	1	-78.78
1	0	-80.99
0	2	-79.97
2	0	-77.98
0	3	-83.37
3	0	-87.29
0	4	-86.34
4	0	-85.10
0	5	-85.65
5	0	-88.08
0	7	-76.89
7	0	-77.88
0	8	-86.76
8	0	-87.84
0	9	-58.86
9	0	-59.50
0	11	-84.69
11	0	-86.78
0	12	-82.28
12	0	-84.05
0	14	-85.26
14	0	-89.00
0	15	-86.03
15	0	-80.55
0	20	-81.25
20	0	-76.02
0	21	-82.84
21	0	-86.62
0	23	-77.17
23	0	-76.86
0	29	-85.42
29	0	-85.92
0	30	-77.25
30	0	-78.73
0	35	-86.37
35	0	-84.71
0	36	-86.02
36	0	-88.27
0	37	-82.73
37	0	-81.40
0	40	-85.53
40	0	-83.72
0	41	-80.39
41	0	-83.02
0	46	-66.05
46	0	-65.68
0	51	-76.06
51	0	-75.77
0	55	-84.78
55	0	-84.92
0	57	-89.27
57	0	-87.11
0	58	-85.63
58	0	-88.56
0	59	-87.47
59	0	-84.68
0	61	-87.65
61	0	-84.06
0	66	-87.22
66	0	-89.90
0	71	-88.16
71	0	-88.36
0	74	-89.06
74	0	-86.93
0	76	-86.64
76	0	-85.85
0	82	-82.56
82	0	-79.23
0	96	-61.22
96	0	-59.74
0	100	-55.60
100	0	-55.68
1	2	-67.39
2	1	-63.18
1	5	-80.50
5	1	-80.72
1	6	-79.74
6	1	-78.27
1	7	-75.99
7	1	-74.77
1	8	-85.36
8	1	-84.23
1	9	-81.47
9	1	-79.89
1	14	-80.72
14	1	-82.25
1	18	-82.18
18	1	-85.09
1	19	-83.33
19	1	-83.90
1	20	-85.37
20	1	-77.92
1	23	-79.51
23	1	-76.98
1	30	-84.37
30	1	-83.63
1	32	-85.39
32	1	-81.48
1	35	-86.88
35	1	-83.01
1	36	-84.94
36	1	-84.97
1	37	-85.30
37	1	-81.76
1	41	-80.14
41	1	-80.55
1	44	-86.59
44	1	-86.78
1	46	-80.62
46	1	-78.04
1	48	-83.94
48	1	-79.56
1	57	-82.87
57	1	-78.50
1	66	-84.88
66	1	-85.35
1	74	-86.11
74	1	-81.77
1	78	-85.74
78	1	-87.11
1	82	-87.98
82	1	-82.43
1	86	-81.93
86	1	-79.54
1	88	-85.33
88	1	-87.47
1	90	-88.33
90	1	-87.26
1	92	-83.23
92	1	-78.19
1	96	-81.84
96	1	-78.14
1	97	-89.50
97	1	-89.61
1	100	-82.49
100	1	-80.36
2	4	-88.02
4	2	-88.78
2	6	-80.61
6	2	-83.35
2	7	-84.15
7	2	-87.14
2	8	-68.52
8	2	-71.59
2	9	-77.31
9	2	-79.94
2	11	-68.91
11	2	-73.00
2	12	-85.71
12	2	-89.48
2	14	-62.03
14	2	-67.77
2	15	-88.80
15	2	-85.32
2	16	-80.60
16	2	-85.30
2	18	-80.68
18	2	-87.80
2	20	-86.75
20	2	-83.51
2	23	-85.22
23	2	-86.91
2	30	-84.37
30	2	-87.84
2	35	-71.01
35	2	-71.35
2	40	-89.67
40	2	-89.86
2	41	-51.59
41	2	-56.21
2	46	-80.03
46	2	-81.66
2	48	-75.63
48	2	-75.47
2	57	-87.48
57	2	-87.32
2	59	-88.77
59	2	-87.98
2	75	-86.40
75	2	-88.11
2	83	-82.08
83	2	-84.63
2	85	-77.69
85	2	-80.45
2	90	-84.78
90	2	-87.92
2	92	-83.72
92	2	-82.89
2	96	-80.10
96	2	-80.62
2	100	-76.65
100	2	-78.73
3	10	-86.60
10	3	-79.29
3	12	-71.67
12	3	-69.52
3	16	-87.51
16	3	-86.30
3	20	-75.95
20	3	-66.80
3	21	-80.76
21	3	-80.63
3	24	-80.60
24	3	-74.73
3	30	-80.02
30	3	-77.58
3	35	-89.68
35	3	-84.11
3	40	-67.82
40	3	-62.10
3	41	-88.87
41	3	-87.58
3	51	-80.16
51	3	-75.96
3	57	-75.77
57	3	-69.70
3	59	-87.19
59	3	-80.49
3	63	-82.13
63	3	-76.57
3	64	-85.58
64	3	-77.61
3	75	-84.08
75	3	-79.88
3	80	-80.51
80	3	-80.52
3	82	-86.18
82	3	-78.93
3	96	-84.04
96	3	-78.65
3	100	-79.90
100	3	-76.06
4	5	-83.46
5	4	-87.13
4	7	-84.91
7	4	-87.15
4	10	-83.84
10	4	-81.69
4	13	-77.87
13	4	-77.90
4	15	-87.86
15	4	-83.63
4	16	-82.01
16	4	-85.95
4	17	-79.10
17	4	-77.95
4	19	-79.21
19	4	-83.24
4	20	-85.41
20	4	-81.42
4	21	-83.31
21	4	-88.34
4	26	-81.82
26	4	-85.92
4	27	-85.55
27	4	-85.65
4	28	-81.60
28	4	-83.03
4	32	-73.90
32	4	-73.45
4	34	-82.25
34	4	-84.65
4	35	-86.68
35	4	-86.26
4	36	-77.66
36	4	-81.15
4	37	-86.44
37	4	-86.36
4	38	-63.82
38	4	-66.72
4	43	-89.15
43	4	-85.89
4	54	-83.60
54	4	-87.73
4	55	-78.35
55	4	-79.74
4	59	-71.12
59	4	-69.57
4	60	-82.98
60	4	-88.92
4	62	-85.74
62	4	-89.38
4	73	-67.86
73	4	-74.66
4	82	-80.16
82	4	-78.07
4	89	-87.01
89	4	-89.74
4	92	-89.53
92	4	-87.94
4	96	-87.33
96	4	-87.10
4	99	-82.20
99	4	-83.27
4	100	-84.73
100	4	-86.05
5	6	-81.34
6	5	-79.65
5	7	-73.28
7	5	-71.84
5	8	-85.51
8	5	-84.16
5	9	-87.73
9	5	-85.94
5	18	-77.20
18	5	-79.89
5	19	-76.04
19	5	-76.39
5	27	-86.81
27	5	-83.23
5	28	-83.51
28	5	-81.27
5	35	-88.92
35	5	-84.84
5	36	-77.92
36	5	-77.73
5	37	-72.36
37	5	-68.60
5	40	-86.19
40	5	-81.95
5	41	-87.62
41	5	-87.82
5	44	-85.67
44	5	-85.64
5	46	-80.34
46	5	-77.54
5	53	-75.19
53	5	-74.64
5	54	-79.02
54	5	-79.47
5	66	-85.05
66	5	-85.30
5	74	-87.96
74	5	-83.40
5	86	-74.61
86	5	-72.00
5	88	-78.14
88	5	-80.06
5	89	-85.79
89	5	-84.85
5	92	-77.22
92	5	-71.96
5	96	-86.13
96	5	-82.22
5	97	-89.72
97	5	-89.60
5	100	-82.98
100	5	-80.63
6	8	-85.71
8	6	-86.04
6	18	-72.81
18	6	-77.19
6	19	-75.75
19	6	-77.80
6	28	-88.50
28	6	-87.95
6	37	-84.60
37	6	-82.53
6	41	-85.40
41	6	-87.28
6	44	-79.11
44	6	-80.78
6	48	-84.86
48	6	-81.95
6	52	-88.59
52	6	-89.28
6	53	-78.31
53	6	-79.45
6	54	-80.27
54	6	-82.42
6	58	-86.83
58	6	-89.01
6	59	-89.14
59	6	-85.61
6	62	-81.19
62	6	-82.84
6	66	-81.35
66	6	-83.29
6	78	-86.18
78	6	-89.02
6	82	-88.13
82	6	-84.06
6	86	-64.41
86	6	-63.49
6	88	-80.41
88	6	-84.03
6	89	-84.86
89	6	-85.61
6	92	-85.23
92	6	-81.66
6	99	-84.86
99	6	-83.94
7	8	-85.55
8	7	-85.63
7	9	-75.50
9	7	-75.14
7	10	-78.26
10	7	-73.87
7	11	-84.67
11	7	-85.76
7	12	-79.75
12	7	-80.52
7	14	-81.17
14	7	-83.91
7	15	-71.59
15	7	-65.11
7	16	-87.63
16	7	-89.34
7	19	-88.19
19	7	-89.98
7	20	-83.67
20	7	-77.44
7	21	-82.92
21	7	-85.70
7	23	-79.44
23	7	-78.13
7	26	-74.98
26	7	-76.82
7	27	-85.92
27	7	-83.78
7	31	-76.39
31	7	-73.87
7	35	-84.50
35	7	-81.85
7	38	-89.08
38	7	-89.74
7	40	-88.53
40	7	-85.72
7	46	-78.98
46	7	-77.62
7	51	-84.97
51	7	-83.69
7	55	-88.74
55	7	-87.89
7	57	-84.35
57	7	-81.19
7	59	-78.59
59	7	-74.80
7	66	-88.10
66	7	-89.78
7	75	-87.83
75	7	-86.55
7	82	-60.58
82	7	-56.25
7	83	-86.06
83	7	-85.62
7	89	-88.72
89	7	-89.22
7	96	-62.57
96	7	-60.10
7	100	-79.14
100	7	-78.22
8	9	-89.69
9	8	-89.25
8	14	-71.03
14	8	-73.69
8	15	-81.63
15	8	-75.08
8	18	-77.68
18	8	-81.72
8	21	-80.08
21	8	-82.79
8	23	-86.56
23	8	-85.16
8	30	-84.30
30	8	-84.70
8	37	-86.56
37	8	-84.16
8	40	-86.16
40	8	-83.27
8	41	-77.18
41	8	-78.73
8	42	-83.99
42	8	-89.16
8	46	-86.66
46	8	-85.21
8	48	-84.19
48	8	-80.95
8	52	-83.91
52	8	-84.26
8	58	-79.47
58	8	-81.32
8	66	-85.14
66	8	-86.74
8	74	-87.94
74	8	-84.73
8	78	-86.67
78	8	-89.17
8	85	-83.67
85	8	-83.36
8	86	-81.42
86	8	-80.16
8	90	-89.03
90	8	-89.09
8	92	-68.94
92	8	-65.03
8	96	-84.91
96	8	-82.35
9	11	-79.33
11	9	-80.78
9	12	-83.99
12	9	-85.12
9	14	-81.22
14	9	-84.33
9	15	-71.17
15	9	-65.06
9	21	-83.84
21	9	-86.99
9	23	-70.45
23	9	-69.50
9	26	-80.53
26	9	-82.74
9	27	-87.21
27	9	-85.43
9	30	-76.52
30	9	-77.36
9	35	-85.18
35	9	-82.89
9	37	-84.44
37	9	-82.48
9	38	-86.30
38	9	-87.32
9	40	-82.42
40	9	-79.98
9	41	-81.43
41	9	-83.42
9	46	-74.02
46	9	-73.01
9	51	-87.46
51	9	-86.54
9	59	-84.11
59	9	-80.68
9	74	-89.15
74	9	-86.38
9	82	-75.98
82	9	-72.01
9	83	-85.68
83	9	-85.60
9	85	-86.48
85	9	-86.61
9	86	-84.65
86	9	-83.84
9	88	-82.91
88	9	-86.63
9	90	-85.58
90	9	-86.08
9	96	-75.36
96	9	-73.25
9	97	-79.81
97	9	-81.49
9	98	-89.00
98	9	-89.41
9	100	-59.26
100	9	-58.70
10	12	-81.52
12	10	-86.69
10	13	-68.66
13	10	-70.83
10	15	-87.78
15	10	-85.69
10	16	-70.50
16	10	-76.59
10	17	-80.65
17	10	-81.66
10	20	-81.48
20	10	-79.64
10	24	-85.55
24	10	-87.00
10	27	-75.28
27	10	-77.53
10	29	-62.53
29	10	-66.42
10	30	-76.20
30	10	-81.07
10	32	-82.40
32	10	-84.10
10	34	-68.09
34	10	-72.64
10	38	-72.28
38	10	-77.33
10	39	-83.32
39	10	-85.11
10	40	-86.27
40	10	-87.86
10	43	-80.81
43	10	-79.70
10	46	-84.11
46	10	-87.14
10	55	-81.15
55	10	-84.69
10	57	-84.72
57	10	-85.96
10	59	-68.30
59	10	-68.91
10	60	-79.33
60	10	-87.43
10	61	-81.65
61	10	-81.45
10	64	-78.27
64	10	-77.61
10	71	-77.81
71	10	-81.40
10	75	-61.91
75	10	-65.02
10	76	-86.96
76	10	-89.57
10	82	-83.93
82	10	-83.99
10	84	-82.22
84	10	-87.09
10	100	-74.92
100	10	-78.39
11	12	-84.74
12	11	-84.42
11	14	-74.46
14	11	-76.11
11	15	-86.38
15	11	-78.81
11	20	-88.72
20	11	-81.40
11	21	-78.65
21	11	-80.34
11	23	-70.39
23	11	-67.98
11	24	-87.47
24	11	-83.43
11	26	-88.57
26	11	-89.33
11	35	-72.82
35	11	-69.07
11	41	-83.80
41	11	-84.34
11	51	-86.04
51	11	-83.67
11	52	-87.30
52	11	-86.64
11	57	-85.75
57	11	-81.50
11	58	-83.27
58	11	-84.11
11	83	-85.35
83	11	-83.82
11	90	-87.00
90	11	-86.05
11	96	-87.81
96	11	-84.25
11	97	-84.63
97	11	-84.86
11	100	-80.58
100	11	-78.57
12	13	-78.65
13	12	-75.66
12	15	-81.86
15	12	-74.61
12	16	-81.96
16	12	-82.89
12	20	-74.88
20	12	-67.88
12	21	-80.26
21	12	-82.27
12	23	-87.13
23	12	-85.05
12	26	-52.88
26	12	-53.96
12	29	-66.78
29	12	-65.51
12	30	-86.60
30	12	-86.30
12	34	-86.53
34	12	-85.92
12	38	-83.56
38	12	-83.45
12	39	-86.48
39	12	-83.10
12	40	-83.26
40	12	-79.68
12	41	-85.93
41	12	-86.79
12	46	-89.78
46	12	-87.64
12	51	-75.31
51	12	-73.26
12	57	-73.79
57	12	-69.87
12	60	-86.80
60	12	-89.73
12	63	-89.41
63	12	-85.99
12	64	-86.04
64	12	-80.22
12	75	-82.52
75	12	-80.47
12	80	-85.72
80	12	-87.88
12	82	-74.67
82	12	-69.57
12	89	-87.58
89	12	-87.30
12	96	-85.35
96	12	-82.10
12	97	-83.68
97	12	-84.23
12	100	-78.48
100	12	-76.78
13	25	-80.85
25	13	-81.56
13	27	-65.03
27	13	-65.11
13	29	-78.57
29	13	-80.29
13	30	-86.58
30	13	-89.27
13	32	-80.74
32	13	-80.26
13	34	-68.65
34	13	-71.03
13	38	-86.34
38	13	-89.22
13	39	-76.11
39	13	-75.72
13	40	-87.32
40	13	-86.73
13	43	-81.68
43	13	-78.39
13	50	-81.94
50	13	-85.87
13	55	-81.99
55	13	-83.35
13	59	-88.24
59	13	-86.67
13	61	-62.29
61	13	-59.90
13	64	-86.46
64	13	-83.63
13	71	-77.54
71	13	-78.96
13	73	-82.34
73	13	-89.12
13	75	-68.26
75	13	-69.19
13	76	-86.23
76	13	-86.66
13	77	-75.49
77	13	-78.06
13	80	-81.92
80	13	-87.07
13	87	-84.20
87	13	-87.74
14	23	-85.70
23	14	-81.64
14	26	-88.40
26	14	-87.51
14	30	-86.52
30	14	-84.25
14	35	-68.35
35	14	-62.95
14	41	-72.05
41	14	-70.93
14	46	-89.15
46	14	-85.05
14	47	-88.56
47	14	-83.99
14	51	-85.75
51	14	-81.72
14	52	-84.27
52	14	-81.96
14	58	-88.10
58	14	-87.29
14	66	-87.21
66	14	-86.15
14	82	-87.26
82	14	-80.18
14	83	-84.07
83	14	-80.89
14	85	-86.34
85	14	-83.37
14	90	-75.66
90	14	-73.06
14	92	-88.30
92	14	-81.73
14	96	-86.83
96	14	-81.61
14	100	-81.35
100	14	-77.68
15	16	-81.56
16	15	-89.74
15	17	-78.87
17	15	-81.95
15	20	-80.87
20	15	-81.11
15	21	-76.32
21	15	-85.58
15	23	-78.98
23	15	-84.14
15	26	-71.69
26	15	-80.01
15	29	-71.59
29	15	-77.57
15	30	-81.44
30	15	-88.40
15	32	-77.20
32	15	-80.99
15	36	-73.81
36	15	-81.53
15	37	-85.80
37	15	-89.95
15	41	-73.72
41	15	-81.83
15	46	-80.47
46	15	-85.58
15	53	-73.40
53	15	-80.76
15	58	-81.57
58	15	-89.98
15	59	-75.43
59	15	-78.12
15	61	-87.78
61	15	-89.66
15	63	-83.10
63	15	-86.93
15	64	-87.83
64	15	-89.26
15	66	-78.17
66	15	-86.34
15	82	-49.85
82	15	-52.00
15	88	-70.81
88	15	-80.64
15	89	-81.85
89	15	-88.81
15	96	-67.94
96	15	-71.94
15	100	-72.16
100	15	-77.71
16	20	-75.75
20	16	-67.81
16	21	-81.71
21	16	-82.79
16	24	-83.32
24	16	-78.67
16	26	-87.65
26	16	-87.79
16	27	-89.11
27	16	-85.27
16	29	-78.65
29	16	-76.45
16	30	-84.60
30	16	-83.37
16	32	-89.16
32	16	-84.76
16	34	-80.65
34	16	-79.10
16	36	-87.23
36	16	-86.77
16	39	-88.14
39	16	-83.83
16	40	-77.39
40	16	-72.88
16	41	-89.96
41	16	-89.88
16	43	-85.24
43	16	-78.03
16	46	-87.46
46	16	-84.40
16	50	-87.39
50	16	-87.39
16	57	-66.70
57	16	-61.84
16	64	-78.20
64	16	-71.45
16	75	-84.19
75	16	-81.20
16	77	-88.13
77	16	-86.78
16	82	-85.57
82	16	-79.53
16	92	-83.19
92	16	-77.66
16	96	-89.68
96	16	-85.50
16	100	-79.08
100	16	-76.46
17	36	-83.25
36	17	-87.88
17	38	-68.19
38	17	-72.24
17	43	-77.81
43	17	-75.70
17	49	-72.97
49	17	-75.31
17	55	-66.69
55	17	-69.22
17	60	-76.96
60	17	-84.05
17	61	-84.08
61	17	-82.87
17	69	-83.69
69	17	-83.27
17	70	-62.58
70	17	-64.31
17	71	-74.02
71	17	-76.61
17	72	-81.63
72	17	-84.95
17	73	-77.09
73	17	-85.03
17	87	-72.58
87	17	-77.29
17	94	-85.25
94	17	-87.58
17	96	-86.18
96	17	-87.09
18	23	-86.80
23	18	-81.36
18	37	-82.75
37	18	-76.31
18	41	-87.64
41	18	-85.15
18	48	-82.57
48	18	-75.29
18	53	-78.76
53	18	-75.52
18	66	-63.49
66	18	-61.06
18	78	-81.23
78	18	-79.69
18	86	-80.43
86	18	-75.14
18	89	-89.99
89	18	-86.36
18	92	-71.99
92	18	-64.05
19	28	-67.86
28	19	-65.26
19	44	-86.91
44	19	-86.53
19	53	-88.41
53	19	-87.51
19	54	-82.28
54	19	-82.38
19	62	-80.67
62	19	-80.28
19	66	-85.04
66	19	-84.94
19	76	-83.51
76	19	-79.93
19	78	-87.79
78	19	-88.59
19	86	-71.44
86	19	-68.48
19	88	-81.85
88	19	-83.42
19	89	-88.94
89	19	-87.65
19	99	-73.60
99	19	-70.63
20	21	-54.98
21	20	-64.00
20	24	-81.45
24	20	-84.73
20	26	-68.07
26	20	-76.15
20	29	-74.08
29	20	-79.82
20	30	-74.25
30	20	-80.96
20	32	-80.72
32	20	-84.26
20	34	-80.91
34	20	-87.30
20	35	-77.84
35	20	-81.41
20	39	-86.27
39	20	-89.89
20	40	-59.53
40	20	-62.95
20	42	-77.70
42	20	-89.19
20	43	-83.73
43	20	-84.46
20	46	-76.76
46	20	-81.63
20	51	-70.07
51	20	-75.02
20	57	-46.52
57	20	-49.60
20	61	-87.94
61	20	-89.58
20	63	-79.63
63	20	-83.21
20	64	-70.43
64	20	-71.61
20	75	-71.62
75	20	-76.56
20	76	-80.77
76	20	-85.21
20	80	-75.52
80	20	-84.69
20	82	-82.24
82	20	-84.14
20	83	-82.75
83	20	-88.55
20	96	-83.68
96	20	-87.44
20	97	-77.29
97	20	-84.84
20	100	-74.94
100	20	-80.25
21	26	-85.79
26	21	-84.86
21	27	-88.78
27	21	-83.86
21	30	-71.81
30	21	-69.51
21	33	-85.34
33	21	-78.34
21	39	-89.20
39	21	-83.80
21	40	-73.83
40	21	-68.24
21	41	-89.45
41	21	-88.29
21	45	-89.84
45	21	-85.99
21	46	-82.77
46	21	-78.62
21	51	-87.35
51	21	-83.28
21	57	-66.91
57	21	-60.97
21	59	-88.53
59	21	-81.96
21	63	-82.68
63	21	-77.25
21	82	-88.31
82	21	-81.19
21	96	-84.68
96	21	-79.42
21	100	-76.79
100	21	-73.09
22	23	-82.79
23	22	-84.21
22	24	-89.31
24	22	-89.09
22	25	-86.96
25	22	-88.18
22	33	-82.55
33	22	-81.07
22	34	-83.42
34	22	-86.32
22	39	-82.91
39	22	-83.03
22	40	-83.86
40	22	-83.79
22	45	-82.46
45	22	-84.13
22	46	-87.74
46	22	-89.10
22	50	-58.23
50	22	-62.68
22	59	-86.54
59	22	-85.48
22	64	-69.68
64	22	-67.36
22	68	-84.48
68	22	-84.91
22	75	-81.63
75	22	-83.08
22	84	-77.23
84	22	-80.43
23	30	-69.52
30	23	-71.31
23	35	-75.40
35	23	-74.06
23	37	-75.75
37	23	-74.73
23	40	-81.30
40	23	-79.81
23	41	-77.00
41	23	-79.94
23	42	-77.59
42	23	-84.16
23	46	-61.62
46	23	-61.57
23	48	-87.08
48	23	-85.24
23	51	-81.76
51	23	-81.79
23	53	-80.94
53	23	-83.14
23	57	-81.97
57	23	-80.13
23	59	-89.62
59	23	-87.14
23	63	-88.63
63	23	-87.30
23	66	-85.13
66	23	-88.13
23	80	-81.11
80	23	-85.36
23	82	-75.92
82	23	-72.91
23	83	-85.78
83	23	-86.65
23	90	-85.04
90	23	-86.50
23	92	-82.06
92	23	-79.55
23	93	-85.16
93	23	-87.13
23	96	-72.02
96	23	-70.85
23	97	-80.81
97	23	-83.44
23	100	-78.35
100	23	-78.75
24	27	-87.56
27	24	-88.36
24	29	-81.17
29	24	-83.62
24	30	-85.61
30	24	-89.03
24	39	-87.38
39	24	-87.72
24	40	-82.28
40	24	-82.42
24	42	-79.14
42	24	-87.35
24	51	-87.64
51	24	-89.30
24	59	-82.84
59	24	-82.00
24	63	-76.15
63	24	-76.45
24	64	-86.52
64	24	-84.42
24	75	-85.56
75	24	-87.22
24	80	-65.70
80	24	-71.58
24	82	-85.47
82	24	-84.08
24	84	-77.72
84	24	-81.13
24	93	-83.08
93	24	-86.69
24	94	-85.42
94	24	-87.31
25	27	-84.07
27	25	-83.44
25	34	-86.29
34	25	-87.96
25	38	-85.16
38	25	-87.34
25	39	-77.12
39	25	-76.02
25	40	-86.21
40	25	-84.91
25	45	-89.36
45	25	-89.81
25	49	-86.32
49	25	-86.78
25	50	-85.27
50	25	-88.49
25	56	-82.68
56	25	-85.35
25	61	-89.29
61	25	-86.21
25	64	-89.35
64	25	-85.81
25	65	-85.67
65	25	-89.60
25	68	-84.35
68	25	-83.56
25	69	-78.70
69	25	-76.40
25	71	-80.70
71	25	-81.41
25	73	-82.14
73	25	-88.21
25	75	-87.75
75	25	-87.97
25	84	-87.95
84	25	-89.93
26	29	-72.58
29	26	-70.23
26	30	-88.29
30	26	-86.92
26	33	-89.68
33	26	-83.61
26	40	-89.15
40	26	-84.50
26	41	-87.08
41	26	-86.86
26	43	-86.10
43	26	-78.75
26	46	-81.69
46	26	-78.48
26	49	-87.35
49	26	-84.45
26	57	-77.65
57	26	-72.65
26	59	-81.28
59	26	-75.64
26	63	-84.24
63	26	-79.74
26	64	-88.43
64	26	-81.53
26	66	-88.63
66	26	-88.47
26	71	-82.43
71	26	-79.79
26	75	-85.91
75	26	-82.78
26	82	-75.05
82	26	-68.87
26	83	-89.08
83	26	-86.79
26	96	-82.51
96	26	-78.18
26	100	-77.84
100	26	-75.07
27	29	-79.57
29	27	-81.22
27	30	-85.01
30	27	-87.63
27	34	-81.53
34	27	-83.83
27	43	-64.99
43	27	-61.63
27	49	-86.88
49	27	-87.97
27	51	-82.89
51	27	-83.75
27	55	-77.39
55	27	-78.68
27	57	-86.87
57	27	-85.86
27	59	-83.41
59	27	-81.76
27	60	-82.45
60	27	-88.30
27	61	-71.81
61	27	-69.36
27	65	-73.92
65	27	-78.48
27	70	-82.99
70	27	-83.47
27	71	-63.86
71	27	-65.20
27	72	-86.77
72	27	-88.84
27	73	-83.04
73	27	-89.74
27	75	-82.75
75	27	-83.61
27	77	-71.00
77	27	-73.49
27	87	-77.32
87	27	-80.79
27	89	-82.51
89	27	-85.15
27	96	-87.75
96	27	-87.41
28	32	-88.99
32	28	-87.11
28	36	-78.47
36	28	-80.53
28	44	-86.10
44	28	-88.32
28	48	-88.93
48	28	-86.58
28	54	-72.48
54	28	-75.18
28	55	-87.64
55	28	-87.60
28	59	-87.91
59	28	-84.93
28	62	-46.47
62	28	-48.68
28	66	-74.23
66	28	-76.72
28	76	-75.68
76	28	-74.70
28	86	-83.31
86	28	-82.95
28	88	-85.82
88	28	-89.99
28	89	-83.50
89	28	-84.80
28	99	-74.14
99	28	-73.77
29	30	-77.18
30	29	-78.16
29	32	-86.99
32	29	-84.79
29	34	-83.89
34	29	-84.55
29	38	-78.52
38	29	-79.68
29	39	-84.90
39	29	-82.79
29	40	-77.35
40	29	-75.04
29	43	-88.32
43	29	-83.31
29	55	-85.29
55	29	-84.93
29	57	-77.73
57	29	-75.07
29	59	-81.07
59	29	-77.78
29	62	-87.63
62	29	-89.52
29	63	-89.03
63	29	-86.88
29	64	-84.47
64	29	-79.92
29	71	-88.22
71	29	-87.92
29	75	-81.40
75	29	-80.62
29	77	-86.41
77	29	-87.26
29	82	-80.25
82	29	-76.42
29	89	-83.20
89	29	-84.19
29	96	-85.93
96	29	-83.95
29	100	-86.61
100	29	-86.18
30	32	-84.47
32	30	-81.30
30	35	-88.48
35	30	-85.35
30	40	-69.90
40	30	-66.62
30	46	-77.13
46	30	-75.29
30	51	-82.01
51	30	-80.25
30	53	-86.60
53	30	-87.01
30	57	-67.58
57	30	-63.95
30	58	-86.83
58	30	-88.28
30	59	-84.48
59	30	-80.21
30	64	-77.89
64	30	-72.37
30	75	-84.68
75	30	-82.92
30	82	-82.19
82	30	-77.38
30	83	-79.31
83	30	-78.39
30	84	-81.75
84	30	-81.74
30	86	-86.43
86	30	-84.78
30	92	-88.09
92	30	-83.78
30	96	-74.56
96	30	-71.60
30	97	-79.61
97	30	-80.45
30	100	-85.39
100	30	-83.99
31	37	-82.33
37	31	-82.52
31	44	-75.42
44	31	-79.35
31	48	-76.24
48	31	-75.60
31	66	-80.98
66	31	-85.19
31	74	-84.86
74	31	-84.25
31	78	-68.98
78	31	-74.08
31	86	-84.10
86	31	-85.45
32	36	-64.64
36	32	-68.58
32	37	-85.30
37	32	-85.67
32	38	-74.32
38	32	-77.68
32	43	-82.61
43	32	-79.80
32	46	-84.87
46	32	-86.20
32	54	-83.61
54	32	-88.19
32	55	-87.76
55	32	-89.60
32	59	-69.85
59	32	-68.75
32	60	-79.99
60	32	-86.39
32	71	-86.04
71	32	-87.93
32	82	-74.50
82	32	-72.86
32	86	-85.32
86	32	-86.84
32	87	-81.63
87	32	-85.64
32	88	-72.00
88	32	-78.05
32	89	-79.53
89	32	-82.71
32	92	-86.23
92	32	-85.10
32	96	-84.57
96	32	-84.79
32	100	-82.33
100	32	-84.10
33	34	-79.86
34	33	-84.24
33	39	-71.75
39	33	-73.35
33	45	-62.01
45	33	-65.17
33	50	-73.73
50	33	-79.66
33	56	-80.18
56	33	-85.55
33	63	-85.79
63	33	-87.36
33	67	-84.15
67	33	-88.12
33	68	-86.00
68	33	-87.92
33	70	-83.28
70	33	-85.83
33	75	-86.61
75	33	-89.54
33	93	-84.31
93	33	-89.18
33	94	-80.09
94	33	-83.25
34	37	-86.43
37	34	-83.95
34	39	-52.07
39	34	-49.30
34	50	-86.50
50	34	-88.05
34	55	-86.61
55	34	-85.59
34	57	-82.30
57	34	-78.98
34	61	-74.56
61	34	-69.80
34	64	-78.99
64	34	-73.78
34	71	-89.04
71	34	-88.08
34	75	-73.75
75	34	-72.30
34	86	-87.49
86	34	-86.16
34	89	-86.35
89	34	-86.68
34	90	-86.76
90	34	-86.74
34	94	-87.07
94	34	-85.85
35	37	-87.73
37	35	-88.06
35	40	-73.11
40	35	-72.96
35	41	-80.15
41	35	-84.43
35	42	-81.93
42	35	-89.84
35	46	-72.14
46	35	-73.43
35	51	-67.97
51	35	-69.34
35	52	-86.50
52	35	-89.58
35	57	-81.18
57	35	-80.68
35	75	-87.05
75	35	-88.42
35	82	-74.69
82	35	-73.02
35	83	-76.06
83	35	-78.27
35	85	-84.41
85	35	-86.84
35	90	-79.38
90	35	-82.17
35	96	-78.55
96	35	-78.73
35	97	-65.27
97	35	-69.25
35	98	-82.89
98	35	-85.60
35	100	-80.97
100	35	-82.70
36	37	-77.73
37	36	-74.15
36	41	-84.14
41	36	-84.52
36	54	-88.23
54	36	-88.87
36	55	-83.01
55	36	-80.91
36	59	-83.51
59	36	-78.47
36	60	-77.86
60	36	-80.32
36	61	-89.59
61	36	-83.74
36	62	-86.65
62	36	-86.80
36	66	-85.24
66	36	-85.67
36	73	-83.48
73	36	-86.79
36	76	-89.51
76	36	-86.47
36	82	-88.69
82	36	-83.11
36	86	-85.24
86	36	-82.82
36	88	-74.62
88	36	-76.73
36	89	-81.34
89	36	-80.59
36	100	-88.21
100	36	-86.04
37	38	-80.71
38	37	-83.70
37	40	-81.89
40	37	-81.41
37	41	-85.15
41	37	-89.10
37	44	-83.65
44	37	-87.38
37	46	-88.53
46	37	-89.49
37	48	-81.63
48	37	-80.79
37	51	-86.21
51	37	-87.26
37	53	-84.00
53	37	-87.21
37	54	-79.35
54	37	-83.56
37	58	-84.62
58	37	-88.87
37	59	-87.97
59	37	-86.50
37	62	-82.47
62	37	-86.19
37	66	-80.54
66	37	-84.55
37	74	-87.60
74	37	-86.80
37	82	-71.29
82	37	-69.29
37	86	-68.37
86	37	-69.52
37	88	-64.23
88	37	-69.91
37	89	-71.69
89	37	-74.50
37	92	-80.37
92	37	-78.87
37	100	-88.29
100	37	-89.70
38	43	-85.72
43	38	-79.55
38	54	-84.82
54	38	-86.05
38	55	-70.23
55	38	-68.71
38	57	-88.73
57	38	-84.91
38	59	-82.83
59	38	-78.38
38	60	-68.86
60	38	-71.90
38	61	-85.68
61	38	-80.42
38	70	-84.35
70	38	-82.02
38	71	-84.17
71	38	-82.71
38	73	-67.11
73	38	-71.01
38	76	-85.69
76	38	-83.24
38	87	-83.71
87	38	-84.37
38	89	-87.67
89	38	-87.50
38	99	-88.95
99	38	-87.11
39	40	-85.29
40	39	-85.09
39	43	-86.84
43	39	-83.95
39	50	-85.37
50	39	-89.68
39	57	-84.97
57	39	-84.42
39	61	-81.50
61	39	-79.51
39	64	-81.02
64	39	-78.58
39	67	-85.91
67	39	-88.28
39	71	-80.48
71	39	-82.29
39	75	-79.63
75	39	-80.95
39	77	-82.53
77	39	-85.49
39	79	-82.83
79	39	-86.34
39	82	-88.42
82	39	-86.70
39	86	-84.83
86	39	-86.26
39	100	-78.46
100	39	-80.15
40	51	-74.25
51	40	-75.77
40	57	-64.54
57	40	-64.19
40	59	-89.03
59	40	-88.04
40	63	-81.78
63	40	-81.94
40	64	-73.96
64	40	-71.72
40	71	-85.48
71	40	-87.49
40	75	-85.20
75	40	-86.73
40	82	-87.25
82	40	-85.73
40	92	-87.82
92	40	-86.80
40	96	-70.28
96	40	-70.61
40	97	-77.82
97	40	-81.94
40	100	-82.61
100	40	-84.50
41	46	-83.27
46	41	-80.28
41	58	-89.45
58	41	-89.75
41	66	-85.40
66	41	-85.46
41	75	-85.46
75	41	-82.55
41	78	-80.74
78	41	-81.70
41	82	-84.59
82	41	-78.63
41	83	-83.75
83	41	-81.68
41	85	-86.96
85	41	-85.10
41	86	-88.88
86	41	-86.08
41	92	-85.17
92	41	-79.72
41	96	-86.88
96	41	-82.78
41	97	-88.42
97	41	-88.11
41	100	-87.25
100	41	-84.70
42	47	-87.71
47	42	-80.62
42	51	-78.06
51	42	-71.52
42	63	-78.25
63	42	-70.35
42	80	-87.24
80	42	-84.92
42	83	-83.37
83	42	-77.67
42	97	-77.65
97	42	-73.71
43	49	-75.62
49	43	-80.07
43	55	-72.29
55	43	-76.94
43	56	-80.97
56	43	-87.63
43	59	-78.14
59	43	-79.86
43	60	-59.31
60	43	-68.51
43	61	-80.37
61	43	-81.28
43	70	-81.37
70	43	-85.21
43	71	-64.77
71	43	-69.47
43	72	-82.24
72	43	-87.68
43	73	-67.37
73	43	-77.43
43	75	-83.08
75	43	-87.29
43	77	-73.87
77	43	-79.73
43	87	-51.87
87	43	-58.70
44	48	-88.76
48	44	-84.19
44	53	-69.44
53	44	-68.91
44	66	-84.80
66	44	-85.08
44	74	-71.59
74	44	-67.06
44	78	-86.54
78	44	-87.71
44	86	-83.47
86	44	-80.89
44	92	-84.87
92	44	-79.64
44	96	-88.31
96	44	-84.43
45	50	-79.04
50	45	-81.81
45	68	-85.81
68	45	-84.58
45	75	-85.77
75	45	-85.54
45	91	-81.48
91	45	-85.56
45	94	-71.63
94	45	-71.63
45	95	-87.23
95	45	-89.34
46	47	-87.73
47	46	-87.26
46	51	-88.15
51	46	-88.23
46	53	-87.26
53	46	-89.51
46	57	-85.14
57	46	-83.35
46	59	-80.40
59	46	-77.98
46	61	-81.68
61	46	-78.45
46	64	-84.48
64	46	-80.80
46	82	-83.95
82	46	-80.99
46	83	-80.79
83	46	-81.71
46	84	-87.26
84	46	-89.10
46	86	-89.20
86	46	-89.39
46	96	-66.76
96	46	-65.65
46	97	-77.19
97	46	-79.87
46	100	-74.50
100	46	-74.94
47	51	-88.02
51	47	-88.57
47	57	-84.79
57	47	-83.46
47	63	-80.28
63	47	-79.46
47	80	-83.99
80	47	-88.76
47	83	-83.89
83	47	-85.28
47	96	-87.71
96	47	-87.06
47	98	-68.99
98	47	-70.87
48	53	-73.91
53	48	-77.95
48	78	-71.01
78	48	-76.75
48	85	-78.87
85	48	-81.80
48	86	-82.30
86	48	-84.29
48	90	-84.05
90	48	-87.35
48	92	-80.48
92	48	-79.81
49	55	-88.41
55	49	-88.61
49	65	-81.84
65	49	-85.31
49	69	-86.80
69	49	-84.04
49	70	-61.34
70	49	-60.73
49	71	-84.54
71	49	-84.80
49	72	-77.28
72	49	-78.27
49	73	-83.04
73	49	-88.65
49	76	-89.93
76	49	-89.20
50	64	-78.13
64	50	-71.37
50	80	-86.32
80	50	-87.54
50	94	-85.02
94	50	-82.26
51	57	-84.47
57	51	-82.60
51	59	-89.71
59	51	-87.20
51	63	-83.50
63	51	-82.14
51	64	-80.05
64	51	-76.28
51	75	-89.13
75	51	-89.13
51	82	-87.97
82	51	-84.93
51	83	-70.08
83	51	-70.92
51	85	-88.02
85	51	-89.08
51	97	-61.56
97	51	-64.16
51	100	-89.36
100	51	-89.72
52	53	-88.36
53	52	-88.81
52	58	-77.07
58	52	-78.58
52	82	-87.05
82	52	-82.29
52	85	-76.96
85	52	-76.30
52	90	-85.14
90	52	-84.85
52	96	-88.96
96	52	-86.06
53	54	-87.48
54	53	-88.48
53	62	-85.97
62	53	-86.48
53	66	-76.41
66	53	-77.21
53	74	-88.93
74	53	-84.92
53	78	-87.68
78	53	-89.37
53	86	-88.20
86	53	-86.14
53	89	-89.62
89	53	-89.23
53	92	-85.13
92	53	-80.42
53	99	-89.27
99	53	-87.21
54	62	-68.26
62	54	-67.76
54	74	-86.24
74	54	-81.23
54	76	-83.94
76	54	-80.27
54	86	-82.47
86	54	-79.41
54	87	-86.78
87	54	-86.22
54	88	-86.74
88	54	-88.20
54	89	-81.67
89	54	-80.27
54	99	-68.29
99	54	-65.22
55	59	-77.00
59	55	-74.06
55	60	-61.46
60	55	-66.02
55	61	-77.71
61	55	-73.97
55	70	-85.36
70	55	-84.55
55	71	-78.64
71	55	-78.70
55	73	-53.62
73	55	-59.03
55	76	-84.71
76	55	-83.77
55	77	-82.45
77	55	-83.65
55	82	-89.78
82	55	-86.30
55	87	-64.09
87	55	-66.27
55	89	-84.01
89	55	-85.36
55	100	-88.07
100	55	-88.00
57	59	-88.20
59	57	-87.57
57	64	-77.62
64	57	-75.73
57	71	-86.29
71	57	-88.65
57	80	-74.55
80	57	-80.64
57	82	-82.78
82	57	-81.61
57	84	-77.85
84	57	-81.48
57	94	-87.75
94	57	-89.85
57	96	-80.34
96	57	-81.02
57	97	-82.75
97	57	-87.23
57	100	-76.88
100	57	-79.11
58	85	-62.22
85	58	-60.07
58	90	-73.28
90	58	-71.50
59	61	-85.40
61	59	-84.59
59	71	-71.41
71	59	-74.39
59	75	-79.51
75	59	-82.02
59	76	-84.68
76	59	-86.67
59	82	-78.68
82	59	-78.13
59	87	-81.34
87	59	-86.45
59	89	-83.72
89	59	-88.00
59	96	-79.99
96	59	-81.30
60	61	-86.43
61	60	-78.13
60	65	-89.41
65	60	-88.12
60	69	-89.78
69	60	-82.26
60	71	-77.93
71	60	-73.43
60	73	-62.23
73	60	-63.08
60	75	-87.42
75	60	-82.43
60	87	-62.68
87	60	-60.31
60	99	-89.61
99	60	-84.72
60	100	-88.24
100	60	-83.62
61	64	-76.44
64	61	-75.99
61	65	-76.18
65	61	-83.19
61	71	-72.54
71	61	-76.34
61	73	-69.87
73	61	-79.02
61	75	-75.86
75	61	-79.17
61	77	-76.50
77	61	-81.45
61	82	-82.49
82	61	-82.75
61	84	-84.83
84	61	-89.90
61	86	-79.89
86	61	-83.31
61	87	-78.82
87	61	-84.74
61	100	-82.91
100	61	-86.59
62	66	-82.54
66	62	-82.83
62	76	-76.65
76	62	-73.47
62	86	-73.55
86	62	-70.98
62	89	-74.05
89	62	-73.15
62	92	-89.13
92	62	-83.91
62	99	-66.07
99	62	-63.49
63	80	-75.20
80	63	-80.78
63	83	-78.19
83	63	-80.39
63	97	-79.61
97	63	-83.58
63	98	-79.86
98	63	-82.56
64	71	-83.09
71	64	-87.34
64	75	-78.99
75	64	-82.75
64	80	-80.96
80	64	-88.94
64	82	-88.72
82	64	-89.44
64	83	-80.30
83	64	-84.91
64	84	-75.88
84	64	-81.40
65	69	-83.73
69	65	-77.49
65	71	-85.50
71	65	-82.29
65	77	-76.38
77	65	-74.32
65	82	-85.33
82	65	-78.59
66	78	-72.78
78	66	-73.68
66	82	-86.09
82	66	-80.08
66	86	-80.22
86	66	-77.36
66	89	-87.15
89	66	-85.96
66	92	-74.26
92	66	-68.75
67	68	-80.14
68	67	-78.08
67	79	-73.51
79	67	-74.65
67	81	-75.23
81	67	-78.09
67	95	-77.70
95	67	-78.99
68	79	-83.41
79	68	-86.61
68	81	-79.63
81	68	-84.55
68	91	-67.24
91	68	-72.56
68	94	-79.88
94	68	-81.12
68	95	-70.76
95	68	-74.10
69	72	-76.42
72	69	-80.16
69	77	-82.44
77	69	-86.61
70	71	-69.74
71	70	-70.60
70	72	-75.91
72	70	-77.51
70	75	-86.85
75	70	-87.23
70	87	-81.62
87	70	-84.61
71	73	-69.60
73	71	-74.95
71	75	-78.86
75	71	-78.37
71	76	-84.59
76	71	-83.60
71	87	-70.74
87	71	-72.87
73	87	-70.83
87	73	-67.60
74	76	-83.49
76	74	-84.82
74	78	-82.51
78	74	-88.22
74	86	-84.39
86	74	-86.34
74	92	-85.69
92	74	-84.99
74	99	-80.55
99	74	-82.49
74	100	-86.59
100	74	-88.79
75	77	-83.84
77	75	-85.48
75	84	-80.86
84	75	-82.62
75	87	-80.85
87	75	-83.46
75	100	-86.43
100	75	-86.80
76	86	-86.61
86	76	-87.23
76	88	-83.80
88	76	-88.94
76	89	-77.66
89	76	-79.94
76	99	-88.03
99	76	-88.64
77	87	-80.09
87	77	-81.06
77	97	-88.34
97	77	-89.30
78	86	-77.28
86	78	-73.52
78	89	-89.35
89	78	-87.26
78	92	-89.74
92	78	-83.33
78	96	-89.07
96	78	-84.01
80	83	-88.04
83	80	-84.66
80	84	-86.22
84	80	-83.76
80	93	-84.31
93	80	-82.03
81	91	-86.87
91	81	-87.28
81	94	-87.95
94	81	-84.28
81	95	-86.29
95	81	-84.72
82	88	-76.66
88	82	-84.34
82	89	-79.76
89	82	-84.58
82	90	-81.17
90	82	-85.64
82	92	-81.73
92	82	-82.23
82	96	-74.45
96	82	-76.31
82	100	-65.91
100	82	-69.31
83	97	-67.68
97	83	-69.44
83	100	-88.49
100	83	-88.01
84	93	-81.88
93	84	-82.07
84	98	-88.77
98	84	-88.35
85	90	-89.23
90	85	-89.60
85	92	-78.14
92	85	-74.55
86	88	-76.26
88	86	-80.79
86	89	-81.11
89	86	-82.78
86	92	-81.56
92	86	-78.91
86	96	-87.13
96	86	-85.83
86	99	-88.77
99	86	-88.77
88	89	-71.30
89	88	-68.43
88	97	-89.79
97	88	-87.75
89	99	-79.12
99	89	-77.44
90	96	-83.84
96	90	-81.22
90	97	-79.48
97	90	-80.66
90	100	-87.25
100	90	-86.18
91	95	-71.13
95	91	-69.16
92	99	-84.58
99	92	-87.22
93	94	-82.09
94	93	-80.38
94	95	-87.65
95	94	-89.76
96	97	-78.65
97	96	-82.44
96	100	-69.10
100	96	-70.65
97	100	-82.57
100	97	-80.33

