0 1 10 274 8 17 16 19 18 12 13 14 15 
1 34 10 274 8 273 272 11 258 259 256 257 262 
1 34 10 274 8 263 260 261 266 267 264 265 270 
1 34 10 274 8 271 268 31 269 34 35 32 33 
1 34 10 274 8 36 37 71 76 77 78 79 72 
1 34 10 274 8 73 74 75 89 88 90 100 99 
1 34 10 274 8 108 117 113 125 121 137 141 129 
1 34 10 274 8 133 153 157 145 149 170 173 161 
1 34 10 274 8 167 164 185 191 188 179 176 182 
1 34 10 274 8 206 200 203 197 194 221 223 218 
1 34 10 274 8 212 215 209 239 238 237 236 235 
1 34 10 274 8 234 233 232 231 230 229 227 225 
1 34 10 274 8 254 255 252 253 250 251 248 249 
1 34 10 274 8 246 247 244 245 242 243 240 241 
2 34 10 274 8 0 38 4 5 6 10 12 13 
2 34 10 274 8 14 17 19 18 20 29 28 30 
3 13 10 274 8 0 204 207 138 201 142 198 130 
3 13 10 274 8 192 195 134 154 216 80 20 158 
3 13 10 274 8 219 213 146 210 91 150 171 101 
3 13 10 274 8 168 174 162 40 109 165 186 118 
3 13 10 274 8 114 189 126 177 183 122 180 60 
4 34 10 274 8 1 39 7 42 8 9 40 41 
4 34 10 274 8 15 16 21 22 25 24 27 26 
5 15 10 274 6 2 6 7 8 9 10 
6 1 10 274 8 103 2 82 22 93 42 111 62 
7 1 10 274 4 3 23 43 63 
8 1 10 274 7 64 4 83 24 94 104 44 
9 1 10 274 4 65 5 25 45 
10 1 10 274 7 84 66 6 95 26 46 105 
11 1 10 274 4 67 7 27 47 
12 1 10 274 7 85 68 48 96 8 106 28 
13 1 10 274 8 205 69 136 140 202 196 128 9 
13 1 10 274 8 199 193 132 220 152 222 86 156 
13 1 10 274 8 217 144 214 208 29 148 211 169 
13 1 10 274 8 175 97 172 163 228 160 226 107 
13 1 10 274 8 166 224 187 184 49 116 190 112 
13 1 10 274 4 178 124 181 120 
14 1 10 274 6 50 87 70 98 10 30 
15 1 10 274 8 102 1 139 143 110 131 41 135 
15 1 10 274 8 119 155 21 81 115 159 127 92 
15 1 10 274 4 147 123 61 151 
16 3 10 274 4 51 71 11 31 
17 3 10 274 6 32 52 89 72 12 88 
18 3 10 274 4 33 53 73 13 
19 3 10 274 4 34 54 74 14 
20 3 10 274 4 35 55 75 15 
21 3 10 274 8 16 100 99 36 76 108 56 90 
22 3 10 274 4 17 37 77 57 
23 3 10 274 4 18 38 58 78 
24 3 10 274 4 19 39 59 79 
25 2 10 274 4 1 7 8 9 
26 2 10 274 8 2 21 23 22 25 24 27 26 
27 2 10 274 4 16 3 11 15 
28 4 10 274 4 0 11 12 13 
29 4 10 274 5 2 4 5 6 10 
30 4 10 274 7 17 19 18 3 20 23 14 
31 15 10 274 4 3 23 22 26 
32 15 10 274 5 4 24 27 29 28 
33 15 10 274 4 38 5 25 30 
